34, 84
23, 7
-15, 92
-36, 56
50, 6
24, 30
19, 49
21, 70
16, 86
-27, 59
12, 71
39, 10
20, 30
-15, 15
-39, 76
-22, 54
10, 64
39, 3
13, 16
19, 35
-24, 11
-23, 88
-17, 71
-4, 67
31, 98
35, 33
50, 83
-9, 74
-24, 50
12, 62
-20, 42
4, 46
29, 75
-47, 28
-10, 18
40, 58
26, 84
-47, 37
24, 61
-24, 37
-13, 24
-38, 86
-2, 84
-18, 66
-30, 36
11, 47
-36, 11
1, 12
-20, 92
-92, 0
84, 84
-65, 19
-79, 40
54, 94
-94, 0
-11, 89
-89, 0
27, 27
-34, 93
7, 0
48, 48
-22, 26
-25, 1
-60, 41
92, 33
71, 4
96, 0
-88, 12
-64, 48
-66, 82
18, 0
77, 77
2, 79
-51, 28
-32, 96
-96, 0
34, 34
2, 36
-36, 0
-66, 34
66, 0
21, 21
99, 20
30, 50
-50, 0
28, 28
-29, 99
36, 35
-35, 0
-23, 77
-77, 0
-14, 86
76, 62
-62, 0
-92, 8
48, 56
86, 42
12, 54
-54, 0
-29, 71
49, 20
87, 7
293, 0
82, 82
3, 85
15, 0
-790, 10
-12, 98
50, 48
-239, 9
20, 29
34, 63
-63, 0
91, 91
94, 85
106, 91
-48, 43
-43, 0
-83, 17
-99, 18
67, 85
-64, 21
79, 0
-369, 31
64, 95
-97, 98
88, 86
45, 31
29, 60
40, 0
-244, 56
885, 41
-158, 83
14, 97
69, 66
-772, 94
-94, 0
50, 50
69, 19
-19, 0
53, 53
90, 43
657, 0
-641, 59
841, 0
60, 60
78, 38
62, 0
-774, 26
79, 5
-77, 28
72, 0
-50, 50
-50, 0
-1, 99
-67, 32
-67, 65
30, 95
-31, 64
-11, 53
-45, 8
7, 15
-15, 0
-70, 30
-160, 70
422, 92
-992, 0
45, 45
-351, 94
-486, 8
-208, 0
10, 10
-10, 0
-23, 77
41, 18
-66, 52
60, 12
897, 9
-23, 86
-81, 5
-73, 32
225, 57
43, 0
-80, 20
-25, 95
-52, 43
775, 18
-78, 40
60, 0
-91, 9
-60, 49
-11, 38
398, 36
-36, 0
80, 80
-80, 0
-3, 97
-97, 0
871, 71
-779, 92
-92, 0
12, 12
-907, 5
-33, 72
-72, 0
77, 77
-85, 92
80, 72
31, 3
-24, 79
-79, 0
111, 11
-11, 0
-46, 54
-354, 0
-57, 43
2, 45
-38, 7
-35, 72
84, 56
60, 16
14, 30
66, 96
-49, 47
-85, 62
88, 50
-6, 44
76, 20
-79, 41
-41, 0
49, 49
-938, 11
-28, 83
90, 73
-16, 57
43, 0
29, 29
-63, 66
43, 9
95, 4
392, 96
904, 0
-41, 59
28, 87
13, 0
42, 42
-442, 0
-12, 88
212, 0
40, 40
-40, 0
-151, 49
-3, 46
31, 77
-36, 41
48, 89
30, 19
81, 0
778, 78
35, 13
87, 0
31, 31
869, 0
74, 74
26, 0
-86, 14
86, 0
38, 38
-7, 31
91, 22
-84, 38
-95, 43
336, 79
-42, 37
-37, 0
906, 6
54, 60
-64, 96
-38, 58
-695, 63
678, 41
132, 73
727, 0
7, 7
889, 96
-456, 40
-56, 84
-84, 0
69, 69
-69, 0
71, 71
-56, 15
20, 35
-209, 26
-841, 85
519, 4
29, 33
-28, 5
43, 48
-71, 77
80, 57
-36, 21
59, 80
-75, 5
95, 0
-985, 15
-72, 43
82, 25
22, 47
-47, 0
-550, 50
-62, 88
-88, 0
80, 80
-36, 44
-98, 46
-59, 87
-87, 0
-51, 49
51, 0
-74, 26
-26, 0
-72, 28
-54, 74
640, 14
-614, 0
37, 37
-48, 89
-38, 51
-4, 47
-60, 87
-24, 63
-803, 60
66, 26
56, 82
59, 41
49, 90
-30, 60
63, 23
77, 0
-57, 43
-43, 0
-466, 34
-80, 54
73, 27
65, 92
808, 0
-60, 40
-5, 35
76, 11
-50, 61
84, 45
55, 0
-88, 12
-74, 38
-38, 0
-52, 48
-32, 16
-616, 0
38, 38
62, 0
47, 47
-47, 0
-10, 90
-90, 0
-23, 77
-277, 0
-29, 71
14, 85
73, 58
-58, 0
87, 87
-30, 57
-89, 68
32, 0
794, 94
6, 0
-77, 23
-84, 39
-39, 0
-73, 27
673, 0
48, 48
-4, 44
-394, 50
250, 0
45, 45
-46, 99
79, 78
-446, 32
-28, 4
-94, 10
-10, 0
-216, 84
16, 0
757, 57
-24, 33
67, 0
-89, 11
-242, 69
331, 0
-798, 2
-90, 12
57, 69
-69, 0
-36, 64
36, 0
609, 9
-32, 77
-37, 40
-97, 43
449, 92
45, 37
63, 0
-82, 18
-57, 61
339, 0
67, 67
-5, 62
-62, 0
-87, 13
-413, 0
46, 46
-46, 0
73, 73
620, 93
7, 0
-85, 15
-43, 72
28, 0
-73, 27
-27, 0
99, 99
96, 95
15, 10
986, 96
91, 87
713, 0
493, 93
45, 38
39, 77
-7, 70
-68, 2
98, 0
224, 24
-96, 28
51, 79
-10, 69
-69, 0
-7, 93
-74, 19
-767, 52
-69, 83
88, 71
29, 0
2, 2
98, 0
54, 54
82, 36
-16, 20
-4, 16
30, 46
-44, 2
3, 5
87, 92
-86, 6
-6, 0
49, 49
51, 0
18, 18
82, 0
54, 54
75, 29
71, 0
34, 34
-34, 0
-437, 63
-69, 94
6, 0
-46, 54
33, 87
-413, 74
281, 55
-635, 20
-49, 71
-71, 0
94, 94
-63, 31
38, 69
-69, 0
-97, 3
97, 0
20, 20
-23, 97
-80, 17
-25, 92
8, 0
-5, 95
83, 78
13, 91
-53, 38
-43, 95
-90, 5
66, 71
-171, 0
-259, 41
-57, 84
16, 0
-30, 70
45, 15
691, 6
-50, 56
-92, 64
98, 62
-62, 0
-36, 64
36, 0
650, 50
-50, 0
-23, 77
-77, 0
402, 2
-802, 0
-81, 19
81, 0
-96, 4
-304, 0
421, 21
79, 0
-43, 57
50, 7
-273, 34
-90, 44
18, 62
-362, 0
876, 76
482, 58
-15, 43
-43, 0
84, 84
70, 54
-99, 55
145, 0
-93, 7
41, 48
-48, 0
-38, 62
-90, 72
-72, 0
63, 63
37, 0
95, 95
-89, 6
-6, 0
40, 40
60, 0
-14, 86
51, 37
50, 87
13, 0
-42, 58
30, 88
12, 0
18, 18
-87, 31
969, 0
75, 75
-347, 28
-28, 0
81, 81
31, 12
-212, 0
90, 90
-82, 8
-41, 67
-67, 0
-71, 29
-8, 21
-36, 85
-485, 0
34, 34
16, 50
-77, 73
-7, 66
-15, 51
-18, 33
-418, 15
99, 14
-14, 0
-973, 27
-72, 55
-44, 11
89, 0
75, 75
19, 94
-94, 0
-90, 10
90, 0
5, 5
-25, 80
-59, 21
-39, 82
818, 0
41, 41
59, 0
-1, 99
1, 0
-86, 14
-23, 91
-3, 88
-88, 0
-89, 11
68, 79
-79, 0
-84, 16
489, 5
84, 89
11, 0
43, 43
79, 22
-391, 31
69, 0
161, 61
36, 97
-67, 30
-30, 0
-19, 81
619, 0
29, 29
-429, 0
-11, 89
72, 61
-61, 0
420, 20
41, 61
-861, 0
895, 95
77, 72
28, 0
59, 59
-59, 0
3, 3
-2, 1
99, 0
-460, 40
-79, 61
20, 81
84, 65
-65, 0
55, 55
38, 93
5, 98
-798, 0
-84, 16
-28, 88
-938, 50
64, 14
-14, 0
-54, 46
-546, 0
-63, 37
63, 0
-517, 83
-557, 26
-26, 0
75, 75
-475, 0
-7, 93
-9, 84
16, 0
-702, 98
-98, 0
-2, 98
-99, 99
1, 0
-57, 43
-13, 30
70, 0
-64, 36
-62, 74
-916, 58
-58, 0
965, 65
52, 17
-2, 15
-72, 43
457, 0
80, 80
71, 51
-917, 34
921, 55
-38, 17
26, 43
323, 66
-966, 0
-86, 14
-163, 51
84, 35
-235, 0
78, 78
9, 87
7, 94
6, 0
82, 82
325, 7
4, 11
-320, 91
-363, 28
72, 0
86, 86
47, 33
-69, 64
93, 57
41, 98
-98, 0
-95, 5
62, 67
-67, 0
55, 55
-55, 0
782, 82
-89, 93
-55, 38
-99, 39
-77, 62
87, 49
251, 0
-26, 74
926, 0
14, 14
686, 0
-996, 4
-4, 0
-97, 3
-40, 63
-563, 0
-97, 3
-3, 0
53, 53
-53, 0
-62, 38
49, 87
-124, 63
37, 0
16, 16
-35, 81
-89, 92
108, 0
74, 74
-74, 0
-74, 26
405, 31
-10, 21
79, 0
-228, 72
11, 83
23, 6
50, 56
46, 2
-2, 0
71, 71
69, 40
-40, 0
-86, 14
-671, 43
57, 0
-406, 94
606, 0
92, 92
317, 9
-34, 75
25, 0
-48, 52
-40, 12
50, 62
-35, 27
-30, 97
-18, 79
-4, 75
-75, 0
-89, 11
-9, 2
-72, 30
70, 0
-20, 80
-10, 70
230, 0
531, 31
-490, 41
59, 0
86, 86
801, 87
-31, 56
-34, 22
74, 96
4, 0
-59, 41
-41, 0
13, 13
87, 0
99, 99
-28, 71
-71, 0
791, 91
9, 0
-201, 99
1, 0
1, 1
-96, 5
-14, 91
8, 99
-82, 17
-35, 82
4, 86
-96, 90
-90, 0
-90, 10
90, 0
-603, 97
51, 48
-648, 0
142, 42
58, 0
90, 90
-890, 0
61, 61
-98, 63
70, 33
-33, 0
99, 99
-99, 0
-11, 89
-32, 57
-775, 82
-482, 0
-34, 66
-25, 41
59, 0
61, 61
20, 81
-36, 45
674, 19
672, 91
-891, 0
-87, 13
89, 2
98, 0
50, 50
87, 37
-837, 0
15, 15
85, 0
-71, 29
71, 0
-12, 88
12, 0
244, 44
45, 89
-856, 33
20, 53
79, 32
-9, 23
91, 14
816, 30
-88, 42
158, 0
878, 78
758, 36
359, 95
305, 0
-73, 27
-93, 34
78, 12
-35, 77
-40, 37
-37, 0
-821, 79
66, 45
86, 31
69, 0
71, 71
29, 0
55, 55
345, 0
-15, 85
-85, 0
-77, 23
3, 26
-57, 69
83, 52
7, 59
-359, 0
-117, 83
-65, 18
99, 17
1, 18
-12, 6
68, 74
-77, 97
21, 18
-52, 66
-716, 50
30, 80
-87, 93
190, 83
53, 36
319, 55
-428, 27
-16, 11
-17, 94
6, 0
-2, 98
2, 0
31, 31
169, 0
-73, 27
22, 49
44, 93
7, 0
-89, 11
-11, 0
-14, 86
22, 8
-51, 57
80, 37
63, 0
-39, 61
-36, 25
-81, 44
56, 0
-62, 38
-42, 96
-60, 36
-844, 92
259, 51
-6, 45
-45, 0
-71, 29
24, 53
41, 94
6, 0
56, 56
44, 0
74, 74
44, 18
-21, 97
-91, 6
-506, 0
62, 62
438, 0
-904, 96
656, 52
-12, 40
57, 97
-32, 65
-175, 90
-13, 77
25, 2
-902, 0
-82, 18
82, 0
97, 97
-70, 27
273, 0
-80, 20
98, 18
82, 0
77, 77
-77, 0
-422, 78
6, 84
84, 68
4, 72
-72, 0
68, 68
-96, 72
5, 77
7, 84
-537, 47
53, 0
-16, 84
-84, 0
-8, 92
58, 50
-77, 73
32, 5
95, 0
-97, 3
-69, 34
-99, 35
-583, 52
6, 58
66, 24
66, 90
-37, 53
-53, 0
61, 61
-953, 8
47, 55
45, 0
-29, 71
13, 84
-715, 69
-69, 0
-7, 93
40, 33
-44, 89
-901, 88
69, 57
-19, 38
97, 35
65, 0
-35, 65
-65, 0
-94, 6
80, 86
745, 31
-78, 53
29, 82
-68, 14
-983, 31
70, 1
-1, 0
-4, 96
-53, 43
-59, 84
916, 0
-649, 51
80, 31
-233, 98
702, 0
-5, 95
58, 53
-456, 97
917, 14
28, 42
-896, 46
91, 37
-37, 0
429, 29
14, 43
31, 74
-16, 58
-91, 67
35, 2
98, 0
28, 28
-98, 30
60, 90
-90, 0
361, 61
90, 51
-51, 0
986, 86
-86, 0
39, 39
-61, 78
-30, 48
52, 0
-478, 22
-53, 69
531, 0
-54, 46
-1, 45
-412, 33
-512, 21
379, 0
-559, 41
-41, 0
-413, 87
54, 41
21, 62
-27, 35
-64, 71
-83, 88
-91, 97
34, 31
-31, 0
-61, 39
65, 4
23, 27
-5, 22
-22, 0
307, 7
77, 84
-72, 12
-24, 88
12, 0
35, 35
-34, 1
5, 6
-24, 82
-82, 0
41, 41
-957, 84
-1, 83
-51, 32
-75, 57
803, 60
-76, 84
16, 0
37, 37
50, 87
-668, 19
-131, 88
691, 79
21, 0
-91, 9
-607, 2
35, 37
-37, 0
39, 39
-46, 93
55, 48
52, 0
548, 48
68, 16
72, 88
-69, 19
81, 0
-5, 95
86, 81
-55, 26
-181, 45
55, 0
-94, 6
16, 22
60, 82
6, 88
-88, 0
-63, 37
-37, 0
-9, 91
-482, 9
42, 51
-174, 77
728, 5
-35, 70
-70, 0
34, 34
-59, 75
-664, 11
38, 49
-49, 0
373, 73
7, 80
-63, 17
95, 12
-712, 0
-38, 62
38, 0
250, 50
-19, 31
69, 0
85, 85
85, 70
-239, 31
-18, 13
-163, 50
-10, 40
60, 0
121, 21
79, 0
-311, 89
-97, 92
-92, 0
528, 28
-27, 1
-60, 41
59, 0
41, 41
-32, 9
-54, 55
31, 86
-34, 52
48, 0
45, 45
-45, 0
-59, 41
272, 13
148, 61
-71, 90
12, 2
98, 0
86, 86
8, 94
-387, 7
-7, 0
73, 73
70, 43
482, 25
-14, 11
58, 69
48, 17
-45, 72
78, 50
950, 0
40, 40
-258, 82
-882, 0
-451, 49
-46, 3
-96, 7
61, 68
45, 13
87, 0
62, 62
-62, 0
-73, 27
-27, 0
-879, 21
563, 84
-902, 82
-58, 24
-36, 88
80, 68
-66, 2
-88, 14
-214, 0
-41, 59
-47, 12
36, 48
52, 0
-72, 28
72, 0
20, 20
-20, 0
40, 40
-51, 89
896, 85
28, 13
92, 5
-505, 0
-419, 81
31, 12
-12, 0
36, 36
806, 42
-58, 84
89, 73
68, 41
59, 0
36, 36
-465, 71
-47, 24
422, 46
-46, 0
63, 63
-33, 30
70, 0
-52, 48
-46, 2
-69, 33
51, 84
119, 3
68, 71
-71, 0
-40, 60
53, 13
87, 0
98, 98
46, 44
616, 60
1, 61
-361, 0
-2, 98
95, 93
-93, 0
-28, 72
80, 52
-79, 73
56, 29
71, 0
-88, 12
232, 44
97, 41
-46, 95
5, 0
-44, 56
-56, 0
41, 41
-341, 0
5, 5
-5, 0
-119, 81
-82, 99
55, 54
-18, 36
-649, 87
13, 0
11, 11
-32, 79
-93, 86
-582, 4
-32, 72
-373, 99
701, 0
-28, 72
-72, 0
-81, 19
13, 32
-33, 99
1, 0
-17, 83
-70, 13
-13, 0
294, 94
38, 32
-32, 0
21, 21
-21, 0
16, 16
24, 40
60, 0
-266, 34
-60, 74
-74, 0
-301, 99
-93, 6
19, 25
54, 79
-6, 73
48, 21
-75, 46
-158, 88
12, 0
-174, 26
25, 51
68, 19
74, 93
51, 44
24, 68
21, 89
11, 0
373, 73
884, 57
-57, 0
69, 69
83, 52
74, 26
6, 32
-54, 78
-82, 96
-85, 11
-11, 0
39, 39
61, 0
-291, 9
-9, 0
10, 10
-210, 0
56, 56
58, 14
686, 0
-85, 15
488, 3
86, 89
-62, 27
-82, 45
826, 71
63, 34
94, 28
-2, 26
74, 0
-32, 68
94, 62
38, 0
-912, 88
63, 51
-85, 66
995, 61
51, 12
88, 0
7, 7
58, 65
-415, 50
-13, 37
-317, 20
-91, 29
-3, 26
350, 76
-64, 12
940, 52
37, 89
5, 94
-33, 61
-486, 75
-58, 17
-833, 84
-52, 32
54, 86
-73, 13
81, 94
-50, 44
56, 0
-33, 67
23, 90
10, 0
37, 37
-671, 66
-29, 37
-37, 0
-39, 61
-67, 94
6, 0
65, 65
-233, 32
-71, 61
-30, 31
-31, 0
75, 75
-75, 0
-12, 88
12, 0
2, 2
69, 71
-28, 43
-33, 10
390, 0
25, 25
-51, 74
-74, 0
-23, 77
-421, 56
-71, 85
695, 80
20, 0
-39, 61
439, 0
98, 98
72, 70
30, 0
-25, 75
80, 55
80, 35
-635, 0
-44, 56
62, 18
-86, 32
301, 33
68, 1
-1, 0
-47, 53
-53, 0
85, 85
-85, 0
779, 79
321, 0
66, 66
-66, 0
596, 96
-687, 9
-92, 17
-59, 58
86, 44
56, 0
-19, 81
19, 0
-684, 16
84, 0
56, 56
-97, 59
41, 0
7, 7
-36, 71
-79, 92
8, 0
29, 29
17, 46
-37, 9
-71, 38
62, 0
-21, 79
21, 0
-59, 41
-55, 86
-489, 97
-97, 0
-210, 90
10, 0
1, 1
99, 0
87, 87
-87, 0
33, 33
-6, 27
-18, 9
91, 0
97, 97
6, 3
73, 76
65, 41
59, 0
-18, 82
-82, 0
-53, 47
-47, 0
-305, 95
5, 0
-733, 67
-4, 63
37, 0
-455, 45
52, 97
-97, 0
20, 20
-40, 80
20, 0
16, 16
16, 32
-73, 59
1, 60
86, 46
44, 90
590, 80
28, 8
658, 66
-59, 7
93, 0
-36, 64
36, 0
67, 67
518, 85
-41, 44
-12, 32
768, 0
-425, 75
97, 72
83, 55
-55, 0
4, 4
96, 0
4, 4
-704, 0
-12, 88
-12, 76
23, 99
-81, 18
82, 0
-566, 34
-8, 26
820, 46
20, 66
-66, 0
-46, 54
239, 93
-94, 99
1, 0
57, 57
99, 56
-5, 51
-51, 0
-807, 93
7, 0
73, 73
99, 72
28, 0
-39, 61
-81, 80
-8, 72
28, 0
-77, 23
28, 51
-47, 4
-18, 86
9, 95
888, 83
-8, 75
-83, 92
175, 67
-87, 80
-80, 0
31, 31
25, 56
16, 72
-672, 0
15, 15
-23, 92
-28, 64
36, 0
77, 77
23, 0
546, 46
80, 26
-26, 0
24, 24
-82, 42
-65, 77
-94, 83
-571, 12
88, 0
-12, 88
-75, 13
-94, 19
-56, 63
37, 0
-38, 62
38, 0
-55, 45
355, 0
42, 42
-42, 0
9, 9
91, 0
60, 60
58, 18
52, 70
640, 10
-210, 0
-22, 78
80, 58
-20, 38
-38, 0
60, 60
-60, 0
97, 97
43, 40
77, 17
-145, 72
-72, 0
89, 89
36, 25
75, 0
93, 93
18, 11
87, 98
-898, 0
-97, 3
-3, 0
-59, 41
-8, 33
428, 61
39, 0
399, 99
-44, 55
-55, 0
-846, 54
-11, 43
74, 17
80, 97
13, 10
-86, 24
-66, 58
242, 0
39, 39
-739, 0
4, 4
-4, 0
6, 6
-38, 68
-68, 0
-21, 79
-322, 57
-79, 78
-52, 26
274, 0
13, 13
87, 0
-508, 92
-31, 61
-49, 12
-52, 60
51, 11
73, 84
24, 8
-8, 0
76, 76
24, 0
-50, 50
-50, 0
-92, 8
89, 97
-697, 0
-85, 15
-15, 0
-37, 63
-63, 0
36, 36
764, 0
29, 29
71, 0
-80, 20
12, 32
28, 60
-59, 1
93, 94
-784, 10
-697, 13
-13, 0
37, 37
39, 76
-8, 68
-68, 0
59, 59
-59, 0
11, 11
17, 28
88, 16
98, 14
-14, 0
-133, 67
3, 70
98, 68
-92, 76
85, 61
23, 84
16, 0
19, 19
-19, 0
58, 58
574, 32
79, 11
62, 73
-47, 26
-68, 58
-58, 0
-91, 9
93, 2
98, 0
14, 14
486, 0
-97, 3
97, 0
56, 56
35, 91
87, 78
74, 52
82, 34
67, 1
-1, 0
-84, 16
-23, 93
331, 24
-4, 20
682, 2
26, 28
772, 0
3, 3
-905, 98
2, 0
-64, 36
119, 55
-55, 0
385, 85
15, 0
-6, 94
-65, 29
-247, 82
-54, 28
51, 79
44, 23
-323, 0
-24, 76
21, 97
-86, 11
-31, 80
20, 0
38, 38
43, 81
19, 0
405, 5
-45, 60
40, 0
-193, 7
273, 80
20, 0
-78, 22
78, 0
-641, 59
41, 0
-380, 20
80, 0
81, 81
57, 38
-414, 24
-93, 31
45, 76
-76, 0
-274, 26
39, 65
35, 0
-977, 23
-823, 0
60, 60
91, 51
-81, 70
-70, 0
41, 41
58, 99
-10, 89
-76, 13
58, 71
11, 82
-26, 56
-45, 11
-23, 88
63, 51
-65, 86
-86, 0
-59, 41
13, 54
80, 34
66, 0
59, 59
-59, 0
-30, 70
-86, 84
-184, 0
-45, 55
-52, 3
-203, 0
20, 20
-88, 32
-32, 0
87, 87
-94, 93
71, 64
-64, 0
-4, 96
76, 72
28, 0
34, 34
-7, 27
72, 99
-99, 0
275, 75
-75, 0
-19, 81
-92, 89
486, 75
-75, 0
-15, 85
-84, 1
50, 51
-51, 0
-24, 76
351, 27
76, 3
75, 78
22, 0
632, 32
-332, 0
90, 90
129, 19
-80, 39
46, 85
-49, 36
27, 63
-33, 30
-30, 0
49, 49
51, 0
-74, 26
74, 0
15, 15
-32, 83
72, 55
-42, 13
-43, 70
14, 84
-35, 49
-94, 55
-255, 0
78, 78
-421, 57
543, 0
63, 63
-19, 44
22, 66
-58, 8
92, 0
-59, 41
792, 33
715, 48
49, 97
47, 44
41, 85
-56, 29
-61, 68
16, 84
-84, 0
673, 73
-58, 15
99, 14
86, 0
46, 46
-402, 44
66, 10
-10, 0
-63, 37
-111, 26
58, 84
-84, 0
78, 78
-29, 49
-78, 71
57, 28
87, 15
85, 0
852, 52
-13, 39
31, 70
-70, 0
-98, 2
98, 0
-1, 99
-38, 61
-61, 0
2, 2
-59, 43
410, 53
42, 95
-95, 0
-79, 21
-21, 0
688, 88
-88, 0
25, 25
-84, 41
-36, 5
-5, 0
4, 4
-4, 0
-86, 14
-43, 71
353, 24
59, 83
-36, 47
-51, 96
-26, 70
30, 0
3, 3
-83, 20
-20, 0
-80, 20
80, 0
28, 28
-28, 0
-29, 71
-57, 14
96, 10
55, 65
-13, 52
48, 0
68, 68
-22, 46
-46, 0
84, 84
-80, 4
-88, 16
98, 14
-59, 55
85, 40
-287, 53
-449, 4
96, 0
-991, 9
-178, 31
18, 49
-49, 0
-916, 84
16, 0
13, 13
87, 0
-76, 24
-25, 99
-99, 0
-86, 14
-358, 56
74, 30
48, 78
922, 0
-54, 46
-76, 70
48, 18
16, 34
17, 51
-51, 0
-20, 80
-80, 0
579, 79
21, 0
30, 30
974, 4
96, 0
-68, 32
-32, 0
52, 52
-85, 67
840, 7
-64, 43
30, 73
-64, 9
72, 81
-61, 20
-85, 35
865, 0
59, 59
-93, 66
1, 67
-44, 23
-756, 67
-67, 0
-3, 97
14, 11
451, 62
738, 0
-635, 65
35, 0
25, 25
-25, 0
-99, 1
-1, 0
-28, 72
555, 27
397, 24
-41, 83
-83, 0
473, 73
-12, 61
39, 0
-2, 98
62, 60
17, 77
62, 39
-823, 16
84, 0
878, 78
-78, 0
17, 17
-32, 85
-85, 0
480, 80
27, 7
-10, 97
423, 20
-89, 31
52, 83
-60, 23
77, 0
-539, 61
-24, 37
-44, 93
-30, 63
437, 0
-6, 94
-94, 0
8, 8
92, 0
31, 31
24, 55
-22, 33
67, 0
-50, 50
50, 0
-49, 51
-31, 20
614, 34
-634, 0
-493, 7
395, 2
-9, 93
37, 30
72, 2
-38, 64
936, 0
94, 94
-30, 64
-64, 0
113, 13
87, 0
65, 65
44, 9
33, 42
-42, 0
97, 97
-48, 49
-65, 84
-84, 0
-63, 37
55, 92
-30, 62
37, 99
15, 14
86, 0
8, 8
-708, 0
516, 16
84, 0
-51, 49
-49, 0
-86, 14
-81, 33
-33, 0
-29, 71
-548, 23
-23, 0
67, 67
-22, 45
23, 68
32, 0
-383, 17
-310, 7
40, 47
-47, 0
-56, 44
78, 22
-984, 38
-89, 49
68, 17
-17, 0
11, 11
-32, 79
-38, 41
59, 0
39, 39
-39, 0
-67, 33
-73, 60
-334, 26
74, 0
53, 53
3, 56
624, 80
-34, 46
275, 21
83, 4
76, 80
-80, 0
-604, 96
70, 66
-586, 80
63, 43
-43, 0
-32, 68
32, 0
-23, 77
-177, 0
41, 41
-21, 20
829, 49
-49, 0
862, 62
99, 61
70, 31
-31, 0
30, 30
70, 0
14, 14
19, 33
-772, 61
-286, 75
25, 0
89, 89
-716, 73
-73, 0
-267, 33
-160, 73
-73, 0
38, 38
23, 61
53, 14
13, 27
-27, 0
36, 36
-84, 52
48, 0
64, 64
-72, 92
-49, 43
71, 14
-14, 0
-52, 48
-48, 0
-17, 83
17, 0
45, 45
55, 0
-56, 44
-344, 0
-44, 56
9, 65
-553, 12
958, 70
54, 24
111, 35
12, 47
-87, 60
-592, 68
-25, 43
-651, 92
33, 25
-88, 37
63, 0
-32, 68
-95, 73
-20, 53
713, 66
257, 23
-23, 0
10, 10
764, 74
89, 63
-25, 38
-38, 0
-14, 86
94, 80
-780, 0
-18, 82
-43, 39
-139, 0
-85, 15
85, 0
39, 39
-379, 60
340, 0
-24, 76
-76, 0
25, 25
-97, 28
72, 0
-45, 55
75, 30
-43, 87
547, 34
-34, 0
44, 44
-44, 0
36, 36
-29, 7
99, 6
-80, 26
-40, 86
37, 23
-67, 56
-56, 0
62, 62
-62, 0
96, 96
-62, 34
-34, 0
28, 28
-97, 31
229, 60
-5, 55
8, 63
-63, 0
95, 95
-10, 85
-59, 26
-450, 76
184, 60
59, 19
172, 91
-91, 0
464, 64
-411, 53
635, 88
166, 54
-487, 67
-54, 13
-92, 21
-846, 75
-47, 28
18, 46
76, 22
-204, 18
-618, 0
89, 89
-14, 75
525, 0
-917, 83
17, 0
21, 21
373, 94
720, 14
-14, 0
76, 76
43, 19
-75, 44
45, 89
-608, 81
-276, 5
-1, 4
96, 0
-81, 19
-819, 0
-146, 54
-95, 59
41, 0
29, 29
-129, 0
-506, 94
18, 12
88, 0
89, 89
-37, 52
-52, 0
44, 44
52, 96
60, 56
-68, 88
50, 38
82, 20
276, 96
904, 0
97, 97
-97, 0
-94, 6
-441, 65
35, 0
-84, 16
-63, 53
-70, 83
-37, 46
-91, 55
45, 0
7, 7
58, 65
35, 0
-35, 65
26, 91
-12, 79
-80, 99
614, 13
51, 64
-364, 0
-812, 88
-34, 54
24, 78
-65, 13
-576, 37
63, 0
-61, 39
-58, 81
-56, 25
-425, 0
-14, 86
-88, 98
2, 0
-45, 55
-64, 91
-93, 98
72, 70
-1, 69
-69, 0
63, 63
759, 22
781, 3
-77, 26
-64, 62
-6, 56
61, 17
85, 2
98, 0
78, 78
18, 96
67, 63
-63, 0
-25, 75
13, 88
-4, 84
16, 0
-94, 6
-56, 50
-32, 18
82, 0
-95, 5
37, 42
69, 11
47, 58
84, 42
28, 70
-270, 0
625, 25
-21, 4
96, 0
61, 61
-75, 86
39, 25
-25, 0
-779, 21
-21, 0
61, 61
30, 91
12, 3
-88, 15
-72, 43
8, 51
-51, 0
-188, 12
-12, 0
56, 56
-16, 40
-40, 0
-753, 47
48, 95
-27, 68
-517, 51
-151, 0
-87, 13
-885, 28
-45, 83
-397, 86
-385, 1
64, 65
-65, 0
-79, 21
-31, 90
-452, 38
-838, 0
74, 74
94, 68
8, 76
68, 44
87, 31
69, 0
-61, 39
-66, 73
95, 68
-68, 0
58, 58
-82, 76
-76, 0
-16, 84
-19, 65
-665, 0
-68, 32
868, 0
-32, 68
-68, 0
78, 78
994, 72
-36, 36
182, 18
-20, 98
2, 0
-907, 93
14, 7
-24, 83
-189, 94
906, 0
91, 91
-91, 0
90, 90
-90, 0
-5, 95
-87, 8
92, 0
-88, 12
67, 79
-23, 56
72, 28
-39, 89
80, 69
31, 0
-83, 17
593, 10
-3, 7
-7, 0
-63, 37
-44, 93
99, 92
678, 70
81, 51
11, 62
-62, 0
913, 13
41, 54
-12, 42
58, 0
913, 13
-13, 0
8, 8
49, 57
43, 0
692, 92
8, 0
-42, 58
94, 52
48, 0
3, 3
97, 0
-221, 79
-379, 0
-77, 23
-22, 1
99, 0
41, 41
88, 29
-23, 6
7, 13
64, 77
-77, 0
-780, 20
161, 81
-59, 22
78, 0
94, 94
806, 0
-24, 76
23, 99
-60, 39
-8, 31
60, 91
91, 82
-82, 0
40, 40
-39, 1
-45, 56
44, 0
465, 65
-804, 61
-36, 25
-90, 35
-3, 32
-32, 0
51, 51
49, 0
242, 42
-42, 0
67, 67
-25, 42
15, 57
-43, 14
-86, 28
-28, 0
32, 32
68, 0
2, 2
-15, 87
713, 0
80, 80
-80, 0
-5, 95
-7, 88
12, 0
-86, 14
-14, 0
39, 39
-39, 0
70, 70
-379, 91
9, 0
79, 79
21, 0
-24, 76
33, 9
86, 95
88, 83
-83, 0
-88, 12
-12, 0
8, 8
-239, 69
-92, 77
57, 34
27, 61
79, 40
417, 57
912, 69
-91, 78
-758, 20
-26, 94
23, 17
-17, 0
2, 2
-6, 96
-239, 57
43, 0
-746, 54
-36, 18
82, 0
23, 23
77, 0
-664, 36
744, 80
-80, 0
-86, 14
-51, 63
405, 68
186, 54
-54, 0
-97, 3
-48, 55
-10, 45
-19, 26
52, 78
-487, 91
47, 38
862, 0
-165, 35
66, 1
-1, 0
49, 49
-49, 0
-490, 10
-10, 0
903, 3
97, 0
67, 67
-67, 0
64, 64
-64, 0
4, 4
9, 13
84, 97
-97, 0
-99, 1
-1, 0
29, 29
-93, 36
95, 31
398, 29
-729, 0
-84, 16
-14, 2
-63, 39
861, 0
46, 46
949, 95
-26, 69
-169, 0
920, 20
4, 24
76, 0
-91, 9
91, 0
-32, 68
83, 51
-97, 54
-54, 0
-96, 4
43, 47
-850, 97
-97, 0
-11, 89
11, 0
190, 90
57, 47
-47, 0
-82, 18
82, 0
-92, 8
-308, 0
-3, 97
-41, 56
89, 45
-545, 0
-62, 38
7, 45
74, 19
81, 0
-40, 60
40, 0
32, 32
-799, 33
71, 4
-56, 48
2, 50
78, 28
47, 75
-75, 0
-90, 10
-10, 0
-62, 38
62, 0
-10, 90
-42, 48
-448, 0
97, 97
-674, 23
53, 76
88, 64
468, 32
68, 0
-95, 5
14, 19
81, 0
-72, 28
72, 0
33, 33
-33, 0
56, 56
50, 6
21, 27
73, 0
-92, 8
-47, 61
-52, 9
-9, 0
26, 26
-826, 0
26, 26
-26, 0
-85, 15
43, 58
-58, 0
-74, 26
-25, 1
823, 24
74, 98
12, 10
90, 0
-6, 94
18, 12
88, 0
4, 4
-4, 0
-74, 26
146, 72
-15, 57
-24, 33
98, 31
69, 0
-55, 45
97, 42
-42, 0
67, 67
-771, 96
-96, 0
90, 90
10, 0
12, 12
-28, 84
75, 59
-26, 33
288, 21
179, 0
54, 54
46, 0
77, 77
-77, 0
4, 4
-58, 46
30, 76
-12, 64
36, 0
-78, 22
-92, 30
26, 56
16, 72
-72, 0
98, 98
-50, 48
-51, 97
77, 74
-57, 17
27, 44
49, 93
7, 0
85, 85
15, 0
-803, 97
-43, 54
-54, 0
20, 20
-20, 0
-22, 78
-743, 35
649, 84
42, 26
-126, 0
65, 65
-65, 0
74, 74
-13, 61
-186, 75
82, 57
9, 66
-66, 0
88, 88
-86, 2
98, 0
89, 89
124, 13
53, 66
-31, 35
98, 33
-42, 91
609, 0
26, 26
52, 78
38, 16
51, 67
152, 19
81, 0
14, 14
285, 99
8, 7
-71, 36
9, 45
27, 72
-665, 7
44, 51
32, 83
33, 16
-890, 26
-26, 0
-43, 57
-57, 0
-48, 52
-10, 42
-70, 72
128, 0
188, 88
12, 0
87, 87
13, 0
-38, 62
67, 29
87, 16
-188, 28
-18, 10
-10, 0
-79, 21
-21, 0
-80, 20
80, 0
-64, 36
37, 73
627, 0
35, 35
7, 42
58, 0
63, 63
64, 27
973, 0
30, 30
39, 69
531, 0
-20, 80
360, 40
-40, 0
-13, 87
-22, 65
35, 0
-88, 12
88, 0
457, 57
69, 26
-26, 0
574, 74
-39, 35
16, 51
92, 43
496, 39
-39, 0
26, 26
347, 73
27, 0
74, 74
26, 0
-95, 5
-7, 98
40, 38
764, 2
59, 61
803, 64
92, 56
-438, 18
-18, 0
-10, 90
-20, 70
-86, 84
-84, 0
-13, 87
470, 57
-67, 90
-890, 0
846, 46
52, 98
35, 33
-14, 19
-19, 0
75, 75
458, 33
-524, 9
91, 0
9, 9
-9, 0
982, 82
-30, 52
-152, 0
-460, 40
-562, 78
-478, 0
13, 13
-918, 95
-590, 5
-705, 0
663, 63
37, 0
-55, 45
-45, 0
-610, 90
-90, 0
598, 98
-98, 0
-78, 22
-64, 58
-617, 41
-94, 47
-47, 0
-2, 98
102, 0
-56, 44
90, 34
5, 39
88, 27
68, 95
44, 39
45, 84
12, 96
324, 20
-75, 45
-874, 71
-49, 22
-92, 30
30, 60
40, 0
26, 26
22, 48
524, 72
98, 70
52, 22
-17, 5
42, 47
-47, 0
1, 1
99, 0
-15, 85
215, 0
-67, 33
67, 0
-65, 35
-573, 62
-51, 11
5, 16
297, 13
-32, 81
-33, 48
35, 83
22, 5
-61, 44
83, 27
-27, 0
81, 81
19, 0
95, 95
-87, 8
-8, 0
60, 60
840, 0
78, 78
-21, 57
432, 89
-67, 22
-97, 25
-4, 21
63, 84
16, 0
-21, 79
21, 0
956, 56
-56, 0
17, 17
83, 0
5, 5
80, 85
-23, 62
38, 0
-112, 88
34, 22
16, 38
-275, 63
-84, 79
-79, 0
-443, 57
43, 0
-29, 71
759, 30
31, 61
26, 87
-78, 9
-9, 0
4, 4
34, 38
62, 0
23, 23
-93, 30
-193, 37
-4, 33
-29, 4
49, 53
-27, 26
74, 0
-403, 97
-305, 92
941, 33
-41, 92
96, 88
-50, 38
62, 0
-52, 48
-62, 86
47, 33
-15, 18
64, 82
24, 6
-6, 0
-89, 11
189, 0
-22, 78
20, 98
-998, 0
-29, 71
134, 5
-605, 0
83, 83
-80, 3
75, 78
-78, 0
-38, 62
-21, 41
-64, 77
-892, 85
415, 0
74, 74
-55, 19
-60, 59
-20, 39
47, 86
-786, 0
-49, 51
45, 96
41, 37
-37, 0
16, 16
56, 72
-46, 26
12, 38
-38, 0
474, 74
97, 71
21, 92
66, 58
2, 60
-160, 0
76, 76
24, 0
42, 42
-77, 65
35, 0
1, 1
-20, 81
34, 15
59, 74
-74, 0
46, 46
-30, 16
84, 0
86, 86
14, 0
47, 47
73, 20
-720, 0
-40, 60
-13, 47
78, 25
75, 0
-38, 62
70, 32
-32, 0
74, 74
579, 53
94, 47
95, 42
58, 0
-12, 88
-88, 0
977, 77
-53, 24
76, 0
959, 59
60, 19
-819, 0
22, 22
-20, 2
62, 64
36, 0
-3, 97
-16, 81
-481, 0
-33, 67
-67, 0
3, 3
97, 0
35, 35
-235, 0
-99, 1
-3, 98
-924, 74
-74, 0
-344, 56
18, 74
-74, 0
10, 10
39, 49
441, 90
-96, 94
-94, 0
520, 20
-14, 6
-36, 70
30, 0
-25, 75
-75, 0
-21, 79
-79, 0
-28, 72
76, 48
52, 0
26, 26
38, 64
44, 8
22, 30
-6, 24
49, 73
-32, 41
-41, 0
-765, 35
-235, 0
92, 92
-92, 0
70, 70
10, 80
20, 0
867, 67
83, 50
-99, 51
49, 0
-86, 14
-68, 46
-68, 78
-19, 59
-664, 95
-3, 92
1, 93
7, 0
-42, 58
975, 33
63, 96
-982, 14
86, 0
48, 48
-48, 0
922, 22
378, 0
785, 85
-288, 97
140, 37
-37, 0
97, 97
66, 63
697, 60
40, 0
-73, 27
-923, 4
-4, 0
509, 9
35, 44
-44, 0
-96, 4
96, 0
-88, 12
88, 0
96, 96
-56, 40
96, 36
-72, 64
827, 91
9, 0
-131, 69
-1, 68
32, 0
-22, 78
-78, 0
6, 6
-6, 0
-57, 43
57, 0
-31, 69
31, 0
88, 88
56, 44
-84, 60
-22, 38
-92, 46
-63, 83
-90, 93
-93, 0
-93, 7
-90, 17
592, 9
-6, 3
1, 4
96, 0
44, 44
-44, 0
94, 94
6, 0
-72, 28
38, 66
3, 69
-69, 0
16, 16
95, 11
-82, 29
61, 90
-90, 0
187, 87
13, 0
95, 95
-70, 25
-25, 0
96, 96
-46, 50
-95, 55
-23, 32
-81, 51
49, 0
-85, 15
19, 34
21, 55
-26, 29
88, 17
83, 0
-26, 74
-74, 0
-51, 49
79, 28
-588, 40
94, 34
-43, 91
661, 52
449, 1
-42, 59
34, 93
85, 78
22, 0
-38, 62
-96, 66
22, 88
-74, 14
-29, 85
-21, 64
424, 88
26, 14
4, 18
8, 26
-983, 43
-69, 74
-968, 6
63, 69
-347, 22
-4, 18
-18, 0
5, 5
695, 0
-29, 71
-171, 0
40, 40
60, 0
92, 92
14, 6
-6, 0
31, 31
-614, 17
20, 37
-960, 77
842, 19
36, 55
845, 0
26, 26
-32, 94
6, 0
-26, 74
-712, 62
60, 22
637, 59
-54, 5
-5, 0
584, 84
-84, 0
-83, 17
883, 0
63, 63
91, 54
-74, 80
871, 51
11, 62
75, 37
-612, 25
-225, 0
-246, 54
30, 84
-59, 25
-25, 0
-55, 45
-48, 97
-97, 0
61, 61
-61, 0
-49, 51
80, 31
-31, 0
14, 14
-14, 0
8, 8
92, 0
-436, 64
-18, 46
-961, 85
15, 0
-23, 77
47, 24
288, 12
-12, 0
84, 84
7, 91
-91, 0
63, 63
42, 5
-5, 0
-65, 35
65, 0
93, 93
-45, 48
-72, 76
-76, 0
-56, 44
-44, 0
-188, 12
-22, 90
-90, 0
84, 84
19, 3
-80, 23
-23, 0
-24, 76
-951, 25
74, 99
1, 0
87, 87
13, 0
32, 32
84, 16
84, 0
22, 22
178, 0
-207, 93
-93, 0
93, 93
-93, 0
5, 5
-7, 98
-98, 0
-11, 89
-822, 67
-867, 0
-73, 27
-227, 0
-503, 97
103, 0
312, 12
66, 78
-78, 0
627, 27
33, 60
-77, 83
-48, 35
-35, 0
-77, 23
277, 0
73, 73
47, 20
-20, 0
-10, 90
-63, 27
65, 92
8, 0
80, 80
82, 62
-534, 28
89, 17
-17, 0
-78, 22
-76, 46
9, 55
45, 0
-174, 26
274, 0
-40, 60
47, 7
-67, 40
-575, 65
-11, 54
12, 66
912, 78
52, 30
23, 53
47, 0
-48, 52
20, 72
1, 73
-65, 8
-48, 60
31, 91
-91, 0
-50, 50
12, 62
32, 94
-694, 0
-53, 47
-47, 0
-22, 78
-78, 0
86, 86
-86, 0
53, 53
981, 34
-15, 19
23, 42
58, 0
-54, 46
54, 0
-85, 15
-415, 0
38, 38
62, 0
44, 44
25, 69
-69, 0
-465, 35
58, 93
-27, 66
84, 50
-26, 24
-24, 0
28, 28
-28, 0
82, 82
-49, 33
-10, 23
59, 82
67, 49
22, 71
-72, 99
-76, 23
72, 95
-95, 0
-33, 67
-79, 88
34, 22
56, 78
22, 0
-17, 83
-83, 0
-83, 17
236, 53
47, 0
-7, 93
725, 18
-20, 98
-98, 0
36, 36
-24, 12
88, 0
57, 57
43, 0
-570, 30
926, 56
844, 0
-102, 98
-28, 70
30, 0
-924, 76
1, 77
24, 1
-40, 61
939, 0
-69, 31
-531, 0
831, 31
17, 48
24, 72
28, 0
-43, 57
582, 39
35, 74
-87, 87
-83, 4
38, 42
-979, 63
-27, 36
-36, 0
-75, 25
875, 0
-92, 8
-8, 0
81, 81
20, 1
99, 0
-12, 88
-2, 86
-59, 27
-29, 98
64, 62
-87, 75
28, 3
-66, 37
-36, 1
46, 47
29, 76
99, 75
-222, 53
-698, 55
-55, 0
19, 19
-33, 86
-86, 0
93, 93
-93, 0
-699, 1
99, 0
-56, 44
-271, 73
-73, 0
27, 27
-27, 0
53, 53
-12, 41
19, 60
40, 0
-62, 38
-99, 39
72, 11
108, 19
-549, 70
67, 37
13, 50
89, 39
201, 40
77, 17
96, 13
46, 59
-35, 24
-877, 47
653, 0
-5, 95
-95, 0
-24, 76
663, 39
96, 35
-60, 75
498, 73
927, 0
22, 22
-822, 0
40, 40
660, 0
-19, 81
35, 16
584, 0
-320, 80
-84, 96
-42, 54
-54, 0
-35, 65
16, 81
-81, 0
-85, 15
-1, 14
19, 33
84, 17
36, 53
-555, 98
19, 17
14, 31
-69, 62
-962, 0
19, 19
70, 89
11, 0
-10, 90
45, 35
-84, 51
27, 78
-9, 69
996, 65
59, 24
76, 0
-357, 43
57, 0
84, 84
80, 64
36, 0
-83, 17
302, 19
-56, 63
-387, 76
24, 0
9, 9
-593, 16
-16, 0
13, 13
-13, 0
74, 74
-74, 0
-7, 93
15, 8
-23, 85
-85, 0
87, 87
21, 8
-86, 22
-22, 0
-484, 16
-29, 87
129, 16
284, 0
243, 43
-43, 0
204, 4
-104, 0
-578, 22
96, 18
309, 27
73, 0
-62, 38
2, 40
31, 71
-71, 0
38, 38
-38, 0
-57, 43
-25, 18
-17, 1
-47, 54
-21, 33
-33, 0
-93, 7
-807, 0
-36, 64
26, 90
749, 39
-39, 0
95, 95
-990, 5
-78, 27
78, 5
95, 0
-40, 60
-91, 69
-69, 0
-63, 37
-37, 0
-69, 31
74, 5
95, 0
-89, 11
-18, 93
37, 30
270, 0
44, 44
-91, 53
68, 21
-31, 90
-49, 41
62, 3
97, 0
62, 62
7, 69
-71, 98
-98, 0
-77, 23
14, 37
-37, 0
-19, 81
-788, 93
7, 0
92, 92
20, 12
-550, 62
38, 0
-171, 29
97, 26
74, 0
512, 12
35, 47
71, 18
-18, 0
2, 2
-97, 5
35, 40
-97, 43
-134, 9
-9, 0
-97, 3
97, 0
91, 91
-99, 92
80, 72
50, 22
-32, 90
-190, 0
-836, 64
89, 53
-39, 14
-2, 12
87, 99
1, 0
-76, 24
-84, 40
54, 94
6, 0
48, 48
-56, 92
8, 0
-805, 95
22, 17
-17, 0
85, 85
-60, 25
80, 5
95, 0
-5, 95
12, 7
-7, 0
-512, 88
-66, 22
-73, 49
314, 63
-63, 0
69, 69
924, 93
-63, 30
-130, 0
-33, 67
688, 55
83, 38
-12, 26
280, 6
-83, 23
46, 69
-93, 76
-237, 39
661, 0
36, 36
43, 79
898, 77
23, 0
-25, 75
297, 72
-899, 73
-973, 0
513, 13
30, 43
57, 0
563, 63
-67, 96
413, 9
91, 0
-31, 69
70, 39
561, 0
3, 3
53, 56
44, 0
-29, 71
29, 0
21, 21
179, 0
62, 62
38, 0
44, 44
-43, 1
899, 0
-91, 9
-9, 0
-49, 51
49, 0
10, 10
13, 23
477, 0
-35, 65
620, 85
-85, 0
-212, 88
-1, 87
-87, 0
-45, 55
-235, 20
21, 41
-24, 17
83, 0
34, 34
45, 79
40, 19
81, 0
21, 21
-183, 38
-38, 0
-52, 48
746, 94
-56, 38
621, 59
41, 0
32, 32
-31, 1
-1, 0
44, 44
568, 12
-94, 18
334, 52
48, 0
-82, 18
782, 0
-922, 78
22, 0
472, 72
-4, 68
25, 93
1, 94
6, 0
356, 56
-7, 49
61, 10
8, 18
-31, 87
75, 62
442, 4
-64, 40
202, 42
58, 0
-76, 24
44, 68
32, 0
-13, 87
-221, 66
-79, 87
25, 12
-970, 42
-21, 21
79, 0
11, 11
10, 21
-21, 0
27, 27
-44, 83
-107, 76
45, 21
92, 13
40, 53
41, 94
806, 0
-86, 14
62, 76
24, 0
97, 97
3, 0
-201, 99
1, 0
-46, 54
-54, 0
-36, 64
-564, 0
-55, 45
-45, 0
78, 78
1, 79
-83, 96
4, 0
-28, 72
21, 93
-51, 42
-80, 62
3, 65
-65, 0
-81, 19
51, 70
27, 97
-497, 0
-81, 19
-70, 49
51, 0
9, 9
-65, 44
55, 99
1, 0
4, 4
-9, 95
-50, 45
67, 12
88, 0
403, 3
-3, 0
-196, 4
72, 76
94, 70
-70, 0
785, 85
15, 0
-30, 70
-52, 18
-18, 0
924, 24
676, 0
-44, 56
-685, 71
-6, 65
49, 14
-14, 0
-93, 7
-7, 0
-9, 91
-34, 57
44, 1
-79, 22
-679, 43
-72, 71
-50, 21
-21, 0
15, 15
-44, 71
29, 0
-31, 69
91, 60
-160, 0
-54, 46
70, 16
-16, 0
-55, 45
-45, 0
27, 27
-21, 6
-54, 52
-86, 66
-66, 0
83, 83
-83, 0
6, 6
-6, 0
9, 9
91, 0
92, 92
-92, 0
-71, 29
57, 86
-53, 33
34, 67
33, 0
37, 37
-57, 80
-80, 0
20, 20
-20, 0
-15, 85
-97, 88
97, 85
-85, 0
13, 13
-70, 43
-29, 14
-24, 90
8, 98
56, 54
-54, 0
-45, 55
-87, 68
-86, 82
-82, 0
66, 66
-66, 0
60, 60
-60, 0
29, 29
-19, 10
11, 21
79, 0
-63, 37
19, 56
-51, 5
95, 0
-63, 37
15, 52
-37, 15
-46, 69
-43, 26
-46, 80
-37, 43
6, 49
-20, 29
6, 35
12, 47
17, 64
29, 93
40, 33
2, 35
-22, 13
28, 41
21, 62
31, 93
-6, 87
45, 32
15, 47
-28, 19
-32, 87
-20, 67
14, 81
17, 98
-23, 75
-23, 52
48, 0
33, 33
-37, 96
-41, 55
-50, 5
-30, 75
35, 10
28, 38
-35, 3
-37, 66
16, 82
7, 89
-41, 48
-38, 10
13, 23
-40, 83
33, 16
49, 65
6, 71
-47, 24
-4, 20
-11, 9
